Начало

11 11
0 0 0 0 0 0 0 0 0 0 0 
0 0 0 0 0 0 0 0 0 0 0 
0 0 0 0 0 0 0 0 0 0 0 
0 0 0 0 0 0 0 0 0 0 0 
0 0 0 0 0 0 0 0 0 0 0 
0 0 0 0 0 0 0 0 0 0 0 
0 0 0 0 0 0 0 0 0 0 0 
0 0 0 0 0 0 0 0 0 0 0 
0 0 0 0 0 0 0 0 0 0 0 
0 0 0 0 0 0 0 0 0 0 0 
0 0 0 0 0 0 0 0 0 0 2 

3 2 ход компьютера
    0 0 0 0 0 0 0 0 0 
    0 0 0 0 0 0 0 0 0 
    0 0 0 0 0 0 0 0 0 
0 0 0 0 0 0 0 0 0 0 0 
0 0 0 0 0 0 0 0 0 0 0 
0 0 0 0 0 0 0 0 0 0 0 
0 0 0 0 0 0 0 0 0 0 0 
0 0 0 0 0 0 0 0 0 0 0 
0 0 0 0 0 0 0 0 0 0 0 
0 0 0 0 0 0 0 0 0 0 0 
0 0 0 0 0 0 0 0 0 0 2 

4 4 ваш ход
        0 0 0 0 0 0 0 
        0 0 0 0 0 0 0 
        0 0 0 0 0 0 0 
        0 0 0 0 0 0 0 
0 0 0 0 0 0 0 0 0 0 0 
0 0 0 0 0 0 0 0 0 0 0 
0 0 0 0 0 0 0 0 0 0 0 
0 0 0 0 0 0 0 0 0 0 0 
0 0 0 0 0 0 0 0 0 0 0 
0 0 0 0 0 0 0 0 0 0 0 
0 0 0 0 0 0 0 0 0 0 2 

10 5 ход компьютера
          0 0 0 0 0 0 
          0 0 0 0 0 0 
          0 0 0 0 0 0 
          0 0 0 0 0 0 
          0 0 0 0 0 0 
          0 0 0 0 0 0 
          0 0 0 0 0 0 
          0 0 0 0 0 0 
          0 0 0 0 0 0 
          0 0 0 0 0 0 
0 0 0 0 0 0 0 0 0 0 2 

5 11 ваш ход
                      
                      
                      
                      
                      
          0 0 0 0 0 0 
          0 0 0 0 0 0 
          0 0 0 0 0 0 
          0 0 0 0 0 0 
          0 0 0 0 0 0 
0 0 0 0 0 0 0 0 0 0 2 

7 9 ход компьютера
                      
                      
                      
                      
                      
                  0 0 
                  0 0 
          0 0 0 0 0 0 
          0 0 0 0 0 0 
          0 0 0 0 0 0 
0 0 0 0 0 0 0 0 0 0 2 

10 10 ваш ход
                      
                      
                      
                      
                      
                    0 
                    0 
                    0 
                    0 
                    0 
0 0 0 0 0 0 0 0 0 0 2 

11 9 ход компьютера
                      
                      
                      
                      
                      
                    0 
                    0 
                    0 
                    0 
                    0 
                  0 2 

10 11 ваш ход
                      
                      
                      
                      
                      
                      
                      
                      
                      
                      
                  0 2 

