ћассив 
54 52 183 95 85 183 14 24 118 36 152 19 55 33 148 63 57 31 190 106 105 20 131 187 41 107 104 102 109 34 107 83 198 51 112 199 178 36 142 153 186 87 136 143 99 98 188 183 110 80 167 22 56 159 15 28 91 24 159 30 99 186 103 123 161 111 193 168 131 109 173 164 90 158 38 164 147 49 83 143 87 103 15 75 59 175 57 151 88 130 125 120 156 103 81 196 95 105 177 162
выполнено 2 сравнений
Ёто число 55

ћассив 
4 174 52 92 161 159 134 88 128 48 66 113 21 2 4 135 63 8 61 59 176 164 180 44 97 79 1 50 19 77 33 46 167 94 21 144 135 79 195 103 187 31 171 157 109 42 123 104 45 193 108 98 110 8 163 193 103 87 57 96 26 178 43 101 185 72 138 65 60 40 35 171 108 71 137 61 156 107 158 157 186 148 126 86 130 37 101 188 148 88 99 108 137 167 15 57 74 180 161 64 
выполнено 3 сравнений
Ёто число 57

ћассив 
140 191 27 2 188 25 182 82 192 163 105 119 54 5 180 1 135 167 170 86 16 121 194 156 146 13 183 40 2 32 40 163 129 125 89 111 53 145 128 158 150 104 105 12 18 143 194 32 65 32 192 39 50 113 160 153 85 21 174 66 71 113 162 66 97 120 142 174 129 32 49 20 103 106 144 179 1 150 47 33 175 181 52 130 48 6 149 16 123 34 189 38 183 87 11 75 156 136 90 69 
выполнено 4 сравнений
Ёто число 194

ћассив 
130 29 159 13 37 158 124 170 28 95 131 133 189 73 75 47 183 195 166 145 39 55 132 31 79 89 95 160 58 187 29 119 33 36 168 133 178 188 81 197 83 169 9 110 99 197 63 5 26 150 21 136 11 149 19 132 33 175 34 175 64 87 10 183 31 90 188 114 85 178 129 99 145 99 105 148 192 121 77 166 11 152 142 123 70 99 107 28 58 182 31 51 51 115 145 99 115 153 194 155 
выполнено 4 сравнений
Ёто число 47

ћассив 
113 57 81 4 127 142 63 136 198 131 185 164 96 2 195 51 99 155 44 191 89 153 73 5 25 179 10 117 68 140 147 63 73 52 196 41 177 124 89 178 19 150 99 18 42 106 93 71 82 74 40 162 158 95 199 103 21 114 148 73 64 164 194 172 198 70 96 65 193 154 36 134 70 127 29 131 8 130 88 70 190 175 61 136 32 180 79 54 198 71 63 144 10 75 161 5 89 143 174 189 
выполнено 4 сравнений
Ёто число 2

ћассив 
10 185 112 72 102 145 74 198 121 7 167 22 110 172 54 180 190 87 19 175 15 152 107 155 56 85 193 103 125 56 53 40 193 38 16 5 55 170 97 145 144 168 51 68 128 75 148 114 81 32 191 130 199 120 91 8 130 194 99 116 23 143 108 121 143 12 81 86 78 3 178 184 13 146 41 183 169 146 172 85 90 169 54 74 13 33 86 10 186 119 118 68 182 30 157 93 59 9 125 92 
выполнено 6 сравнений
Ёто число 33

